5650515
16536186
4654218
15026204
11575586
11620
16291030
5976428
15097577
2126868
16348162
14268636
8408841
12203625
6387137
13467547
16857004
8408931
9033827
4932734
11611392
12551557
16125356
15706101
15801360
2601171
16245771
9198763
14507316
10746296
13319551
16846956
13566467
13512916
14078631
14770931
15110752
12813448
11419858
9729022
12992443
9806664
6292247
7888049
16259813
16029644
14110760
14471459
11259505
10771661
15453972
15466861
155999
1115215
15315048
2715057
3789844
8125835
14836117
11069321
6246364
9331216
16404808
7745720
8761719
13240841
419322
11318355
16143516
11722243
15414412
9695162
16055802
5579688
16404571
16271537
13378417
16258071
16354581
11463725
1336481
13277555
15871917
14474737
16705037
9301980
16081052
16673281
13330367
13391999
13899425
9798261
16716421
15161027
14430971
16504155
5277897
16403252
16253849
16942954
13450818
9734438
14690773
10233118
12854151
7854916
13082015
13057321
3718379
5685449
10879669
11431318
13961472
14884808
10998796
9366123
5492448
14918693
15340855
12710933
15500791
15713171
10014531
10634634
16797194
11361253
15692741
16934363
11372228
14827188
10683573
14608408
16631329
15044462
14390195
13863743
6762369
11431978
15242606
15822673
7888923
8117473
6528970
2126363
15328406
5537960
14732367
11554786
15722762
15744028
16867876
15451495
15423271
10127267
13550673
15374260
4418599
16608394
9815089
15827820
9990257
8504669
16337064
15424614
13879434
5182887
16724145
10212072
1798775
11623647
6542820
15524041
9373935
15721997
13632041
14014968
15349327
15888263
11169366
9171089
10617409
10121519
11515296
9798326
10108188
14705496
10122855
3733350
10234990
1125115
14352713
9954317
16576473
16692467
8965616
13529670
15160684
3992022
16168504
15314537
14969879
14059117
13515340
16588691
16004838
14027529
12875953
8016650
16634093
12916871
15708163
6573225
8353474
16098446
16114457
76251
13376679
13926812
5272301
16182767
13933554
5085709
7225363
12544332
10107946
14700431
16383049
10117150
8114627
10120685
16340289
10927829
13783317
4816478
13239466
4816426
7933313
8351907
13386508
9558826
15194192
11075529
845501
16334849
6120540
9695654
15501322
2589236
10272797
10944143
9028989
12043004
16568678
14933392
8882143
16490147
799533
10518631
8965978
10553441
16916838
11212674
15329756
13733876
16353395
16054694
3185811
7399042
15844614
9727396
12527087
15927376
12189833
13800599
16245596
13800731
6880282
16689713
15547119
15846397
6590821
1201404
13020178
6909680
7527578
9877013
16884675
7149874
1919754
10985840
15240230
15099657
11680766
12752873
12253002
9533772
11120908
8016651
4809282
15649088
10243382
16823895
761752
412181
15842629
1201401
7066363
15845543
13335831
15099306
14378817
6188287
1305327
6170233
4034160
16814431
6244327
16094454
4568179
5631241
6654487
8004763
3521819
16677704
11574338
11734551
15220235
4648
4312559
12367373
3331591
2044416
10075799
16260372
16479270
13592094
8842297
12900948
13514950
13261291
15678184
16319940
10727303
15418368
13618052
16441729
16817448
10973584
12544536
16418904
13249815
16724623
13941591
13328389
2320983
16768114
1403885
13643769
14205602
405391
11743040
12655027
15635815
13238956
4858023
5447904
16800127
11695924
13312645
5680889
13417253
13960475
15830461
5499670
1365397
14486603
13936578
5492338
14989647
16635084
14651468
9789314
11855569
10858590
6106396
16791002
14869007
15468555
6799991
8351909
10771264
13659922
16042687
16829883
7678059
9617309
5728720
13247780
9719008
4304201
510205
13546219
12343471
1138689
14760071
1275829
6074429
15548014
13863848
10270055
9971888
11760292
12274166
4295573
4902729
1011751
14935413
16597546
16417071
845480
4902799
1785463
9533017
15194258
9921369
15888815
848578
2526148
10988680
12409730
7051749
10706060
13935443
16400179
52662
15196825
5144558
13885276
16289384
717000
8149763
6435807
13731725
9217437
14474599
14792903
8131109
16843582
16707938
12392314
12211573
9525189
8860189
7602374
15497521
15378189
736250
14505802
12648302
14554292
15629947
15481065
13439459
14518471
10885796
7440597
10363339
13066474
8867191
9531656
16439084
16297659
16605493
6872214
15144208
16507720
16928369
12511163
5811151
14577765
10829760
13267277
10176646
16881979
16228141
10589867
9906888
9995433
10815674
6396841
13656249
16858141
3302909
3257979
16066599
9114249
6821152
1030482
15939585
14746912
16402854
15859899
11695306
9811657
694447
15424844
13349526
8631840
16568366
8149088
15858066
15425534
14298525
15224272
12071279
14933725
14350550
15374960
9859210
8701510
13658045
8739421
2709977
16556016
13399191
4165115
13699644
14474955
7844363
8090239
16600466
571813
15502298
14031262
16337419
15414282
14357913
14696388
16858622
7534354
8633192
15083766
6935035
7826911
15325025
16188651
2915523
15524312
8596360
11443829
16244796
8829545
13335748
6290803
6644697
14013609
13574193
12837083
690694
3686426
9251076
14060231
12369883
16148769
15875415
6436451
10997578
13763605
9153702
16769484
16112122
11070597
7346022
4322842
9391245
13844092
12365568
13437120
9386934
9822022
9885920
13111934
13250087
15499267
5826302
9590876
7622464
16663396
5105383
4173366
16382793
11658635
16258418
16910854
10410197
5299307
8733981
9497484
11284904
16663090
15531439
16766363
12524443
1618867
16569358
15181313
15744933
13899158
13331088
6852408
13461547
8698198
10382247
6302217
215092
14184628
14168642
16194380
16194081
13688342
16370499
111632
8662699
13345397
739977
15873936
11374678
3896093
1236320
13816572
2367376
13241079
12007942
16578893
13077744
13998537
5804551
14390148
4113230
16861547
10889708
12224640
7511599
5340057
7846943
9345890
6316753
16013400
6728870
6238992
11412939
11844122
8149518
10963500
15118370
10863297
14491430
14637189
11553790
8225639
11160183
14674111
14470394
16840538
10001450
6250056
1966982
16631708
16676749
16630397
997382
11067551
1104258
9155785
3280846
15451925
7206851
15327951
15073820
14713516
16857675
13736629
11017105
14714045
10675168
16769411
10864709
12075634
12929766
16663659
797887
10679064
4438847
14341212
12797813
6880656
5620902
10705179
12356168
16589525
14671395
12893976
5492415
16601904
12795074
13944712
13414993
14921102
11589280
2957426
4816370
9510590
15630351
11910999
13979807
15860884
16038601
16687199
16227942
16856102
16467328
13233167
13207788
15194176
11731031
5194720
1125079
9276893
13961327
4795170
15194320
4795263
15580638
15194432
11353590
8034027
4795339
33779
12366869
683598
5785978
16663232
15991100
6277600
2409913
13669724
15534867
664033
6248942
15088768
11698977
510260
7343190
8392263
7938143
15488205
10923960
5607501
2738841
9968567
7245566
14587249
13266340
4985415
12155403
13489070
15769616
11089250
1034545
3774304
4099934
10103138
13467787
13675277
12473061
6290549
4606142
14842671
10549810
14473984
1627596
6312923
4948069
15998941
7577994
2536903
14969860
15271554
7697213
9063949
15916403
1747411
7972559
13802796
3194055
16918539
2102616
1556631
2537706
4709537
9927352
13643186
13781190
8992452
513199
6678331
16082710
10277475
12929
962196
9236962
883684
16690737
13268673
16648013
15536405
6823434
12784629
4336303
15867699
11279591
4809654
13815747
3373317
15533627
15311607
15456379
16870152
254270
13184185
6925405
14203087
12524709
14981756
6246921
15223567
7416544
6246597
7482107
7663173
11791092
14747049
13534512
4742225
16058488
8522911
8980349
14305066
2305111
4933287
6540362
6987502
8570496
16542790
16088162
16288266
4408592
6940448
5163491
14616691
1583317
16444197
13776805
34419
1720513
7821059
16043786
8802436
15744083
14456333
16454478
14595362
6248266
13399698
13169368
7919542
13301364
1990774
7558887
8442993
13801932
4711469
10929042
7302117
2656392
4490822
13786376
14885622
14181138
9239395
16784150
8906061
14901133
14899230
11244273
11079381
10497464
13770207
9952692
14067899
16869681
1530721
10127110
15523355
7390000
9826167
15775774
4934420
13999836
916790
15465045
9960829
16648307
15659050
11160719
1855069
15788375
13078366
10061311
16262576
16136645
1204017
7419145
14858761
10541058
5512354
16673412
15957963
1633225
1198464
4902063
15470779
15642359
16333539
13732998
16489433
12203384
9532943
15904098
8871541
5470034
11738809
15579415
13022232
12203307
4902565
5070945
1014016
16826212
13022499
5070957
2105299
12203536
15513030
10866681
15602145
16379096
1251639
1673795
13621691
1551904
16209547
12956651
15062762
4180140
6863588
14299813
7922145
16073968
13496348
5918423
10038074
13358147
7502633
3749221
2608445
6528467
14521440
10860986
5773524
2552643
9596037
8251259
15225159
14404704
8388179
16464927
3613252
10996020
14858059
11304038
8469618
3219145
1673486
6768079
11496667
8235212
12051499
2770340
7897468
5320842
10362425
16475692
4570060
5096056
9473338
15287084
15422138
15383658
13116752
5853587
16710334
16785002
14761178
12603543
6348721
10930648
13427895
13755049
9755638
1154506
2466350
15925357
16326424
16406815
16666642
14980913
15605090
5146120
13100480
12851433
10437583
15938870
15330008
7463304
3377847
9927068
13298437
7149792
13961424
12814696
10143639
14321757
7400941
1388804
16510288
13801046
2042316
7259606
3960476
13801466
4727042
7968117
12990078
16570226
13699153
7827664
9096371
9512362
16857518
14268615
15515207
2276882
14013703
1320340
12957231
10685099
12470596
15400206
16436566
13913432
16298881
2599217
6692183
15164206
16191431
9802999
14056436
10390278
694442
13365450
7037197
6166156
2405745
10118737
14356760
4485589
13081469
16586565
14221899
16298992
15632771
3139633
6479361
737584
14336086
6317053
15885903
3185277
3145268
13016150
9508283
15819661
1500134
943021
15821300
9718429
13885632
2169176
10882988
14153779
3861608
4288002
4878417
6718304
8194124
15886658
14588884
16650170
14353479
16871792
4181537
12949534
16346302
14029083
10340018
694437
11364217
5785846
9237671
1571439
10021697
1646496
16348433
14655575
4832364
13861324
10438355
15189856
6639720
7288766
10551965
16812703
5859668
5475911
12445752
95003
14333091
701410
6559018
12952161
13800566
6216131
13623123
11761698
1782812
4353384
3371512
3456209
13084937
5928850
1664174
11379386
11060074
14357170
2008473
12155917
5205556
9617340
9995906
2019663
13292900
3666636
14976239
4716105
8329003
7967435
15022139
8811992
7621968
40950
16755414
3410963
10930044
12188469
16933872
13218717
1937362
14725446
8518994
9625086
13914306
4012681
9879640
13226405
14727351
967706
9807559
16846935
4023971
6743478
3338845
12901595
10725360
14247007
325882
631479
677202
997217
1214209
1273812
8886061
1006777
3383728
13138137
7011472
16685324
4816875
9382505
14236345
7749066
13687613
16488181
14875178
4774742
14654471
14125226
12104562
13734663
9034987
923987
4164192
6000201
1133085
15991040
15658593
14652644
13063694
8147531
13203303
8467129
11639601
15391873
15422049
15421845
14451638
15648969
13219329
15422212
15421813
13194272
6261352
11803286
5528512
14489417
15613454
13969044
14610316
15947384
9434557
14240086
12086905
7331124
11498175
15889175
15145882
16556338
13841956
9477823
13864060
12545727
8957746
15776584
8119536
9077674
5948245
2396712
4258133
3251782
3963554
10771177
10631598
3628088
7113756
8117276
16272594
15781602
16322899
10936828
2203283
16860163
16376353
5884735
15769128
15875731
8801747
16679903
5785980
187730
15202859
4948340
16948213
4263821
5094146
7368199
11910630
14717366
6087712
15769324
3980307
4142783
13745407
15775711
9350318
7692167
10153977
15898724
9481209
9666476
16872907
7699550
11035694
14139412
16376205
10684397
8226229
13901641
12408491
10812359
15282659
11365069
10832213
15702583
15647825
11034770
597895
15872265
15035080
3578473
5268882
14276563
10522501
7228403
7918
11693834
4637003
12527557
15761418
12680119
12713937
8113317
10942018
2140005
13623573
16352901
8924715
4161909
15990879
15237473
21914
12090509
3291776
16394228
7971698
14219390
13592811
13329419
16637368
13127224
7131456
130775
12679836
13127090
12547185
14317220
6692264
15884553
15736573
1535675
56273
2540287
8195650
4192219
9906380
9370467
12272158
8763984
6506271
14107817
11049950
7899839
14898711
1280992
16072123
15204098
16254935
13884617
867439
8994638
8921544
16676023
14954896
4377491
10884646
15927011
14888438
4032327
15038686
9235450
1692978
1202685
1101051
54217
943023
16402681
9993182
3570116
1332864
15868421
4162122
16535573
11372959
3617573
15205588
883668
3905479
1252780
2292176
594668
3459116
8378217
10015291
9461020
731130
898862
854541
13064378
12185970
13002512
9888858
9330906
432105
4161836
8142
598832
9717685
10117951
10839763
12128075
12275291
14808513
12497414
14537906
6453414
10440234
10054772
4401266
15871934
16757619
4310900
11719431
9015547
780121
12294329
16796121
3083937
3688778
16354461
16468044
15902748
16204996
2192797
12389669
10207866
8691562
9278419
2108566
5562627
6056320
11610076
10576963
14181823
15068437
4106371
15256859
8674472
14027012
3167740
5434711
6412652
7404359
8296290
8306667
12797289
8480584
9384479
14967432
14820955
13962678
10942606
14557191
7034065
2704229
12405624
16100625
13082165
14059646
16667594
16158244
16119837
7787513
15057596
2165277
6402516
16291066
15256273
6613236
70457
13557468
6657645
13702748
16497229
12657607
15857441
15343159
11745803
15770878
14196041
15271907
13605661
12887097
12137977
9679247
12710902
4995865
6240727
3630984
3185456
7258198
11903446
3822252
720826
11819961
3916228
10363693
15455642
11964611
10225331
7402931
14557582
4386823
1093088
7068804
5394389
5184693
8763676
5066748
568161
9329263
252321
5696895
11659966
11759260
898833
6238980
1613352
10581839
208186
1761977
15167554
14707092
15521559
4847093
1275584
9149745
11770752
246713
15178833
2919529
3722323
6494378
7066823
14219809
14981466
12522494
15565615
3695452
132441
1998111
4909117
14351578
4559621
15641829
1633173
13530165
8337954
13776008
16084377
14153586
13240550
4520661
15630088
3499371
2047469
16216095
16219320
13559094
14351998
9918897
2046634
2088622
4262533
9491619
11555166
13867534
16549473
16034562
6347346
15732039
14841943
16443736
15605352
15990580
8276702
2165320
16452016
9512660
9979352
13291
8277350
10994257
1097589
13388662
2522414
9156047
15099201
15380161
14405427
16378886
16276067
14523168
13735019
13580338
8277445
8890346
7672518
834749
14404985
9322595
14715892
372183
13591376
8830898
14716477
8674249
13829959
13642389
7116749
1504324
5648211
14761210
215929
619624
672845
4477069
635465
8751743
15772118
14296659
1682581
10998250
199480
15873231
12609202
12172311
16447684
10859050
16452268
13980749
3268637
16013269
13847355
9198267
16572187
16113122
15158815
4377982
15888973
16515519
377569
6359043
15987415
3441719
15954036
15329343
14485317
9511890
14551164
8276064
10565614
16930151
16428049
16181249
15521505
9971510
14025282
9759826
16323334
14828948
12151949
10881844
15736217
6277389
16688738
2467408
3748756
11495148
15524502
10024229
7534891
15453636
14895052
16723740
15450184
12431828
14535483
13591379
16930263
10269671
16029428
8340604
6557736
2445672
14356470
6469686
15328485
16875416
1914602
10450345
5057909
14726135
4067627
13347385
16831471
4380289
10933809
7497600
9198209
16930348
10449915
16071674
16930431
9095247
15990429
16944449
16944561
16945037
14725998
15511955
15116037
10833987
9095601
11593408
16303161
1076405
15565816
7383285
15788643
13193641
12850283
275115
13117353
13396811
9955894
12786124
15897986
13732194
6528119
10037220
10834067
9909570
5806694
5697257
16798532
16335235
11779493
2837537
1769162
14729749
14682459
1466345
16393340
16240130
10969083
13294726
5511668
16677610
8842
15887845
15362608
2007460
4128043
242647
15585595
2304972
10269441
6359703
9515331
2036967
1057048
14072794
2027634
14552783
8645398
4339856
8501746
11640234
9929086
4533511
16754074
9149656
13802507
12592254
16872074
10527271
2346315
16675092
2478402
12424898
15633022
8129335
883633
5757805
5455197
8840572
16302458
9011646
7915203
11344439
15955654
14898814
719118
16636608
10244772
6495214
13048212
7915962
11340038
7957437
768161
11640123
1020518
10619332
10037588
9578072
16636437
11018335
14076284
16636203
13577352
731591
4613237
9048008
14421118
16256590
11126840
15702464
1280214
1059362
46787
1836896
10172803
14656006
8756160
12025595
10689739
16881502
16456337
238658
14827566
13784076
4559908
11305302
6957711
11692704
14186387
1908936
1353070
9119123
4277099
13669823
10697613
15789857
8535864
2461455
6229694
8174679
2678294
1892116
8455585
15855319
3215251
7696904
7583116
13867445
13751291
9182964
13788749
3015450
7132809
685044
7770020
16927428
7733976
13299257
14555179
13824287
3825057
7491369
10691729
15790393
11571389
10925150
11681475
11459095
11545005
12459614
12870849
7073115
8339864
10841170
16272225
6424287
2530006
642792
1701997
3727823
14776799
7808520
13939573
302061
6707441
6764814
8308117
16530976
150848
10661953
315479
15483800
10733204
15309962
12705874
7086626
7956995
14611180
4156390
11824639
15523581
6140911
13168898
15085679
15495966
9548770
9716652
8420533
9577217
5298857
769734
4948327
9188845
10888761
5969483
12041223
4184406
8781352
6720368
592883
1100287
6494663
14671407
3268419
13712952
16334789
6361956
6187679
8782392
9427046
13344490
4663928
12571474
8017820
633629
14692492
2578122
14358722
13689617
15769037
14426130
10617812
6600081
16073408
2204233
7009654
1943225
1892956
16726746
9219530
7259880
16322671
10553960
7548846
11572744
650007
2601183
9856239
13049113
2605957
13374780
15007375
8438983
8830405
16720583
5420651
3541007
1836069
78651
11255028
14487347
13944589
15494882
14628135
8050957
8286831
15007881
4454201
8277236
15075304
8833630
6334125
5442713
16633556
6824042
11014144
13415983
5888899
11610327
12290839
3282231
16443167
1624062
13786383
2645093
7678792
2375014
15703469
6089907
14883986
12208498
6327439
14299782
8817039
694435
14057257
8327298
10339640
516333
4284415
13418418
21352
10570053
975852
14267985
12562944
12029483
14353121
14353356
5336254
315243
13109991
1175398
16942478
16824393
11611646
5948841
1497937
13130436
11354934
12492927
14300040
13357982
14845449
13316093
15070824
8613241
16806440
13495066
13924706
8662951
15454916
2703266
15411365
15832788
13298655
7547756
8845904
7548138
14954264
869489
1583778
5893924
13927197
11677294
13466176
8275158
8662158
2936304
15901479
4357509
4191311
11169045
11677232
16042407
5241324
9393684
12324662
3666167
15145752
11677374
33875
276073
13675814
14073706
15363110
8249833
14818783
13730571
10969812
15377230
7839298
347801
1471742
4729048
10787567
6698942
1138037
3215374
4998188
2875591
10335945
9888304
7564163
1446325
2636446
3728917
3755730
8460474
15406095
14472108
1353462
16766045
2593753
15376419
6545730
13238882
10908985
7955764
16766792
2709053
16767373
4110223
16254937
84938
12147589
2086829
281472
6434770
3264
504137
740018
4481304
6641863
6832430
10312569
11070449
11408769
12082094
14253497
646496
15408316
893794
12712442
14009382
1935237
14944418
16004234
16428154
268493
6992826
16912368
10839043
9067632
1069167
16351285
14185529
14432317
12323043
16847403
13414103
4165543
6884125
6425944
8305260
7150611
14341795
1781201
15098383
4734828
8654065
14238269
4121064
72471
8426815
14886240
10127022
40138
9490490
12310120
1393654
11414548
7604679
9314084
13585591
9050561
5537678
5977470
11755184
3653874
15273698
13415089
475433
14056934
5415450
7858587
16444798
10709592
9736576
8011115
9598259
13622148
16444812
8047016
8635973
11659923
11490167
62214
10315503
3697648
15409031
15519652
7035167
13390667
7696087
4705596
6820282
10280222
8705175
8647513
14066805
12852590
8411017
10084667
4128341
8001563
2489367
16483113
1336921
16383490
10106139
3325741
1033012
9882522
16504618
16426353
11556239
820076
10574866
6378495
12522
14647698
808841
11752930
10041491
12253459
24685
7973978
648086
3665379
875287
10787034
14934340
6365190
506105
1863106
8134772
16255902
9241900
13732799
14059375
767788
14139488
10990009
3656251
11531859
15720496
1224036
3432238
129388
237541
4037589
696242
637367
16244469
10902785
1100624
9777945
10528955
3803423
12654927
13263721
10388973
8277406
16664721
15659163
6344493
15377886
5200357
12960459
11623778
694368
1359419
15663880
11286267
16722714
48356
8329550
9035381
9953046
7550049
13142096
3687894
9352261
9847149
729829
7631438
9938178
6460433
12917254
12571226
10656746
9283121
9330406
4985816
9449101
10837811
5903417
16638368
16598095
6765116
4174601
3518382
235160
4533023
8103410
12297099
13206297
16666098
16516690
16284479
715504
15773815
14688313
909063
1940496
905399
13479950
9186305
10783624
15176931
11992133
14238291
16241240
10207254
16618464
16722017
10961847
12846271
6374167
14239336
11552910
13996915
10984190
3082327
604843
4371866
16165451
8569939
861486
14474493
12763538
16230760
8721888
15194237
16254893
15987904
896938
791573
14840538
13600947
11839379
14806640
16363397
12677090
5998790
13395595
15911997
2770561
9970137
16286043
15394202
16147037
13882044
12867911
15469932
13476531
6626648
15470876
16004400
16630708
14906035
7884670
9317689
5838639
10456016
15471316
12930995
3379430
3376895
14548497
1640040
14110702
8277718
9860097
16073242
810672
4310427
7856587
2479459
16910795
882409
4897503
12991335
13962229
14938863
15192143
14907455
3343907
10106906
6824234
11607373
13550396
7650273
2021458
16557185
16056069
7736536
7902933
12972076
1764111
8890018
694433
7583612
11419262
8595819
16100817
1053167
9972511
430692
8796117
1836529
10931776
6130904
9728181
15733442
6439026
7900742
3637949
13141085
5085892
13734563
13640184
13661253
10416947
13684977
13640064
6168969
11721293
8113310
11841875
9807707
8225497
769872
13637395
16860922
11207223
15054622
11853560
15205756
1907143
15521441
1688470
3174882
12798226
10807384
6762591
8153123
3711315
8351353
14126022
14630289
8384125
1276782
308828
7644104
65394
15790607
7205979
3293548
4823254
3082000
5059767
1788107
13973471
6977125
2204212
13623691
3780703
872188
872202
4962043
13140716
13713588
13846498
15166300
15666014
1429330
10426732
16057023
3963317
7241453
10773406
11772232
6731787
12276018
11325912
1637095
10926265
170293
275617
953818
281339
1168237
14058527
1300087
5105951
6870950
8566208
771688
14385863
2620932
82059
357396
3932131
8420894
2101365
4679737
75823
15440512
3741768
1467224
16559092
210246
16285802
6146422
527308
6116886
14497743
11834467
13577647
14761638
4475374
13603944
4748287
5059214
7205983
13894181
3697844
3354871
16619261
9511148
7073079
8326944
3414044
14151211
16521232
10059123
9615549
8357235
7053486
4174539
16040257
1863316
13591271
9315067
16872541
13782569
2331166
470810
12115919
3279918
5392555
7389425
1489817
180909
2629245
1252623
16815870
7516074
4219465
5467600
13979723
4485844
16207655
13773392
15423790
13639927
10923835
783633
1117756
11553658
4480642
15424414
6748152
7341076
5154367
8144602
13221399
13512158
7730144
1213508
16033205
12026845
16362304
16490313
15803552
15859766
14155323
14788998
269371
11829124
9133739
13264569
1292198
8144992
16066598
9423426
13886867
10839800
16441272
12026856
5762600
13226038
225933
12851586
14793549
14087807
13127812
1931937
13434859
13640933
1615158
16784012
13066265
10563581
16382808
15939264
4099682
7897397
11947606
9954950
3716504
15512044
13970165
13642014
6887234
16778876
15028336
4639434
1995873
5550248
8577678
9530845
2277754
3273246
12138414
9464447
1228182
8597092
9435665
14571205
3877462
9030129
9374546
5386625
213532
8069279
8195381
10453350
14538591
651624
12036820
12965956
11983792
14379077
6186641
3176509
15251944
196090
10126869
596576
7358222
9959067
7128795
5935887
931520
16791859
13858193
14390856
16792013
7337432
16791559
8815041
15422949
16791338
13661411
2112115
3262667
7990169
12931122
3284146
2436131
1225319
10544
6327788
2171548
16872797
7886901
14996029
4874273
1908125
6258049
13661869
15447914
1693254
1636418
1847469
7920760
4940139
14074045
14385983
12798439
13883848
4288479
9588832
13741452
444616
15648400
1229234
15448149
1183183
3273393
1703662
13418070
7337646
2533040
12678074
490931
748211
5395489
5827426
7859448
9779853
11050540
12295920
12965538
13448099
15631498
5117133
14223456
16180943
10812296
4525573
3457857
3821643
13959718
15533559
284005
623934
12705967
4596405
12411577
6303879
8030490
11039405
6768361
9433631
14808471
9334317
13117002
9135296
5436297
6258754
13336459
2653405
7441288
10229435
16019488
14554748
2133464
676296
850037
7652700
13898609
15222956
1072724
8108016
8386950
175122
9174778
10905448
4130482
455703
16444092
8502720
11302185
14690848
15636322
4023930
4650391
13762929
4342928
14874905
1444713
858329
602784
14054842
5482020
13247387
884770
14747847
13157125
12537957
16826528
6589725
1428454
9479154
3780633
11018668
3415980
700945
2722256
10804539
1721917
9824056
656780
10417376
1920033
14655591
7329651
10840724
15207940
16549352
13128357
5318758
7698019
7108345
10576612
13591025
9010894
10517359
9513587
11801932
13311164
13564888
12008385
2552543
5848219
15217090
10774057
13787646
937832
13247274
6854723
13466559
13830518
13787515
13671535
13708816
16599266
15928548
16383098
15706218
16780250
9136987
1301798
16652554
7025250
3013427
300589
6938818
15903424
16651781
9904455
1144121
585326
52713
8685766
2614717
557548
15165364
7974287
15148862
350479
7085722
14841672
16900951
15701942
11361656
7903543
3981270
8992582
14994786
14716013
154715
14943433
1226596
1039779
12175060
5903014
15974066
8269701
1344306
14128744
4024518
5904304
14052285
760539
8685943
13171280
13859800
13116507
10968239
8933606
15149013
816970
1738133
7784030
8553341
5070973
988399
15044111
719335
14388692
12098778
12041
4728615
4583410
1382703
2448203
14860140
5070054
7897036
9388018
10807396
1076776
11229474
13435073
5260816
7143666
16478838
1489905
16516823
14196830
2403963
14252082
9470106
10825530
1246568
1550788
13173130
14844216
11641748
14467093
15374659
3479144
3444986
1615052
10451157
15093155
517363
12572019
14773099
1232943
3585533
8521619
14995603
7840295
14820910
714955
5069984
6754197
11018339
7842054
1757763
40241
7006320
4021550
15394942
16725722
16671511
14068781
10889831
16856770
1336998
9880668
15703047
15604860
15888970
14553169
1743201
10773277
12270048
7884952
8868880
14717511
15151013
2160504
6662231
13279174
13112761
12835527
14052306
8776392
8382187
83257
14672663
12115392
3832296
8028929
8762652
10771196
654279
4873971
16204265
14168466
15352732
220418
14907597
6363639
2164917
62804
7697503
882424
16406558
16556504
8690735
6784867
256176
15736621
6765802
5309235
10333567
4052680
1953596
6648062
8842990
960593
9198155
16812656
5414237
15707857
55255
10924205
12208792
9242011
16842938
10137578
3586422
10835440
6238861
14787268
4576416
10250606
7750960
2748298
3791261
14521520
14554419
8541515
14786197
14250202
6529100
16424233
6500567
14907219
2430730
3801487
8524509
10434073
561602
10948584
15703291
2919297
7257854
15253006
10543200
15176674
7955738
9198324
15469311
4164170
9839501
6880336
10105537
10122391
8668164
4013761
5730680
8291604
10836945
1732993
645238
5919508
343296
695110
12776465
10329961
6102300
6091945
4792198
3194383
6293264
10676252
8212224
13363080
15256388
11575007
15759933
16404876
704029
12683626
16575463
6435814
8848381
10833361
11721980
13978745
14995419
16100039
886900
8926415
15479034
11223608
10473602
4431566
14874723
6954301
15869173
8760262
15469307
14335803
4323610
7118214
810909
11223588
3270245
15930162
14946271
15969053
13418518
11021251
11071932
5992192
9780914
5521625
775442
1988367
1232906
3851598
14240248
5851503
7133058
10970173
1296106
4129398
2016198
16301323
6437010
9173483
1932019
1080933
9847111
8276309
11479776
3625270
3603342
8689673
10727731
13938369
9910749
7024605
7843326
13799254
10745703
15267186
4936367
10884695
4155983
15792200
7092292
12973475
13142221
10597505
4135860
14406223
5020651
5863554
3704176
4787569
11971314
580106
13127954
664307
1612702
9478935
9174641
1721984
8669446
14264209
14450779
16687904
13191964
8558285
10436695
7329845
5969074
3673920
12791953
1226111
7763438
60819
5146543
3194869
12793033
6037016
102491
14744267
2502413
8356380
14570892
567239
6080799
2183104
16692626
2236694
9918068
13884539
6954332
537602
7226841
8088720
8482762
9350779
1478708
14053493
9130888
3545312
129515
10914116
2056543
2062696
1959880
3073304
2105840
4897595
12971980
15197344
7939511
13652971
877124
2319032
4275896
16176101
10990428
13548606
7884199
11379406
8144647
7718075
7328359
13344587
5590567
14551535
8508488
4925354
14206211
2104515
7022309
82919
10786593
3710477
242472
9525734
3843704
4718531
13912224
4493744
4311670
1598886
6950975
1637052
9319884
1076748
4841027
12832295
15027959
2214584
1122374
4795605
7247746
10968243
2483759
9776134
10813523
1941534
14613099
1023586
9495579
5916440
15662958
6387895
1103100
2198013
5882648
13375464
13675704
647170
16468603
10686053
7618319
13745138
1084478
9260368
12409014
15491660
271923
722454
2454448
13902012
1807017
478791
13302374
39482
4886584
9953594
7742738
7584902
3361496
7827242
11345843
12948866
11864328
9210172
10674344
14787973
905798
8166766
14712803
9395304
8388885
4720462
10390971
40303
7389735
1361043
5620346
45870
12837365
8271056
13280672
9150693
10836169
10126600
5978964
10902600
3821592
10184787
5536139
16072652
13979235
4474503
12950052
13007080
379347
3292043
6046730
14059391
14773919
1421937
998701
12999869
7025922
4637928
2010572
14383794
3895083
7734403
4152694
6862122
4317870
4968912
15887233
8785012
7483415
7532826
2197461
10418322
11413932
11492463
14205598
12684256
13465756
3284042
2839794
11421711
15285867
1110346
1997774
9919372
9097223
1159840
1764449
12307851
7289191
7025631
5803070
3812270
15324289
7362200
11820829
15216154
13708985
15098962
346599
934529
15636250
16070696
14029901
10888291
14043110
1989997
14400698
16579687
2372569
8152867
15090968
13769493
14070982
10427768
16255081
16463310
13732035
3549398
545685
238190
2538807
57676
7575510
1003591
625655
9051149
334339
11378889
13732905
6329731
645139
8685898
14422371
2737894
14569097
5547500
2105714
2333058
9150171
2197345
16219958
6074750
12930338
13685477
8594468
7054235
10367010
13604278
16443034
8308630
6464808
420160
15074616
10996390
7198666
7643927
15907248
5468024
10729757
26843
8847285
9387084
16619256
6364788
4701884
9776467
164207
2198399
4720512
13724120
7939262
8323915
12523557
10281987
7583060
3870174
2374370
6416247
14386727
15102053
13574203
589676
10436163
4933787
10153046
10454632
7904844
2188919
1615088
2956406
1080408
1827177
6143487
2628341
15534642
15207493
2508480
2756856
4559901
7351575
6201280
13641814
5319588
13915992
15560650
13082691
6767858
9643886
14139082
5883872
7823524
9261272
564074
3687183
6671126
9532696
14136445
8030646
7783204
214934
5917728
7546608
14842524
7292816
12989891
10789725
12607947
16517000
8596448
9477925
12201603
3426473
15451126
2709216
11657124
14579048
16135451
1360703
7678243
9806278
10056082
7665927
15072012
8666288
6492397
4537030
10575481
13752716
9024242
5739286
15389830
7330113
12225379
16932228
14549750
16845954
16635002
12027959
16413982
16454328
1043282
16369217
16406118
16245090
12754647
10616275
13554419
6678252
14670800
16652963
137546
12111055
562311
8240198
13126240
14950542
12428522
9119210
15423910
14375372
15295068
12023104
16006015
15731733
1901682
2188976
11303760
9149812
11083313
14591043
14011173
8309401
16392353
15037276
14671675
3079665
2770268
13769730
1126710
13712441
14165596
8104214
209514
13030090
13786977
15060122
11213150
16653242
7922690
8650354
13249335
8869579
8719752
8270859
4533440
14995032
15692759
14640100
10829725
5538737
5606842
16147887
16934167
11100926
11998353
10477793
11657897
16913494
15209750
16836092
14464362
4251101
13981030
10604248
8743207
4122671
10929133
15424108
381217
8048653
15424547
15424011
14488234
10990593
1826125
13094490
10379560
10965948
4935995
15497575
2474393
2474857
15832358
485245
4566983
15717265
10022810
4360006
13806046
14305759
8055632
6412435
6211289
11640575
16190529
12856903
9333167
10012664
5846018
8994562
3985721
9110032
10418005
9047210
8884625
10394948
12852660
8187584
8371368
13625214
6823057
9064139
15550045
2007569
6869890
8084588
849858
748222
16079346
6940354
4730628
13400226
8371435
644948
9029725
2132426
7857589
10205031
8646447
8473735
10075227
11720074
6783618
4275911
26622
15568442
6481618
8597021
2102251
16468614
11016886
16570444
3052906
10358360
13563897
7401158
4102049
16276295
16678379
16055969
2387068
7872033
12340989
8758790
10981310
2070192
153131
12610653
4559312
5785631
15952923
1183521
3426292
8130298
8889145
14090819
9884258
6576508
6494324
15792340
14577516
8088428
12608643
5174857
5038958
13335421
5395861
6661783
15101621
8568826
825900
14748468
16631564
4663873
5508776
6687085
1315776
6678367
15311934
7451648
10567595
10771685
838499
6751279
1484607
669183
14571155
13137307
11572203
1046462
3154683
8673121
1774410
3201323
14845450
3323268
6291814
14109673
7476031
10926975
14165507
13428935
12891887
1632449
6981136
5946301
992561
6044437
16477435
166144
8734567
9780485
10840421
14696737
12854561
9011335
7772941
3606166
675565
16629905
4341710
12874819
13207830
14341016
11801722
384285
16172804
14255041
16243916
13297722
16792771
324663
13622260
14466652
6056520
15745252
11103281
15569531
11619914
16202480
4903255
6553652
10459498
7441829
12134814
10413874
379884
11434840
12345672
15803652
15805085
3836107
5884314
4188336
10794113
5708075
1692470
14205331
9015148
13021568
11345707
10926639
9545064
859336
212783
15486354
16228848
14222676
9695372
10000523
14717626
9471416
5218022
13327656
8474452
9023447
10469182
934102
10835637
14571580
1148625
13965558
12741695
16565600
16526527
364397
12212126
14773204
8408710
7930461
8525314
4987668
8168233
2178509
7968301
38607
15132100
5196116
2933105
14770496
5247898
1769688
1072791
15397514
14303641
2802418
13235676
2182851
12008287
59381
1267206
5852204
5172404
13435029
7481897
7329639
3324431
9551370
8411606
8189664
12207073
6596859
12725886
14656080
7256961
11048603
1582164
9949873
6662128
15888446
6727254
16162625
5195922
10594703
16621297
438940
10566716
7329782
2786614
968046
16086843
16807426
8195358
5196070
12344783
438967
8629384
3310267
13623709
5004641
3304131
4462326
2492987
11284536
10467127
1186228
5736329
6973631
11357078
14933410
4264514
14970252
255033
6822094
7037596
11930358
15099126
13575274
14184565
3783154
4700511
10033165
15362944
4556995
7842513
9261928
16508148
13709065
5431311
4000299
1839890
1041504
10836465
6614676
6818936
15649595
13606695
14709523
10455995
13349040
4175303
2614474
8406322
203621
2677288
10683306
13016065
12361563
406930
1892250
283977
15177458
13927587
4554977
524325
11191951
13084977
1392204
15633213
7369364
676228
4833101
15010218
13621128
1417398
588939
14027256
1130812
8484211
748256
3029597
3269061
9433931
25927
8255072
14655185
8685817
16132666
15328509
13605167
9301261
8275596
15362620
16406893
11059051
10000416
1471146
1467233
13085830
283081
6688004
4672165
8053899
10474512
2119401
5487846
10839872
3612236
997356
15250767
10985925
8064891
5980518
13315414
467839
7367530
14938407
9414733
7143032
8685570
8685716
8554141
14758260
6762434
12111957
7240598
3378124
7548762
12111841
8565153
6764986
5070924
8565105
8685652
8684508
14417408
7972343
13661054
3756280
4892732
10472376
16261649
14311961
3971357
1046520
4638678
132199
796558
12055977
693779
16231686
12866154
7161866
3163839
11535013
11872179
12589159
12974438
13222367
10887968
1525040
5861831
7693617
623722
14013576
4637679
16164769
282247
4903382
10803011
13283678
342311
15717190
11607743
2330628
13061643
732953
14841676
3752317
8950002
3404981
14632987
15701360
4105958
10940485
598271
16797018
14551959
15311500
15466398
15069107
12826992
2042095
14292435
12328003
4135201
15256528
8891103
256148
87640
3218306
15455061
8904937
7026287
11225678
1605483
18904
5394755
4446003
502009
9394595
4525604
12546418
4533652
2112118
5162669
13925189
176092
23611
746079
683020
15734872
808919
15801548
1005642
9563163
7275084
7949624
10792038
1333047
12954602
10999089
16675371
10813277
15270469
4891068
71645
11675345
4978780
6430646
15362363
10968274
1671260
14553441
15451672
225205
1323983
11849702
371595
9197404
5775177
15720967
10999473
8114515
16911554
14205033
3586296
25463
3946571
14540002
3199646
4278837
4046133
13176817
12873723
7652219
16634285
14432761
3534282
56720
326357
15074502
14523814
4350056
14936250
11775422
1827653
10841004
14936416
633412
2310230
1815437
3757993
910999
522080
1264700
13927004
15677455
13174042
12999799
16620507
3697722
541588
1484030
8208091
14165362
4104344
13280184
4778343
9119340
6629798
5506592
15376388
16871220
8848541
15883735
10733321
10968160
7272492
4053544
5196859
7182761
3999832
10273567
16899896
1667732
8702764
62519
1261074
13772817
15411459
4989457
8213336
14559666
7264532
3250486
3372859
5536512
593253
14025054
2177440
14316675
6987855
15344843
16393542
15665568
971116
7565515
9793897
12094826
6870555
9525911
14486844
2407048
2066085
16660792
11760290
9335892
12590446
14501055
14698527
11023703
10088395
13279870
9007919
2104437
9198181
14031165
5218679
8793569
12209057
16742943
10702945
1542757
5550110
5005492
1097535
708731
3830083
8595828
1828443
1985338
1077444
11757982
4227479
3742189
14323474
16393434
7163038
12624810
16742958
12467986
2513786
6987656
8055625
7290262
8439920
3946395
9615291
212297
8870673
2349483
779856
4236013
14982609
15999494
3124630
11087847
2686530
7498241
10432527
15250621
226594
10682665
7204489
2144226
13736208
14647577
8053467
2436213
16579106
13111239
10857038
1737616
14842635
3395067
7075013
4838848
7790051
3047702
10944591
6208693
3615576
13477033
13782426
9393344
15191554
15294591
16560335
8832897
5891836
16550456
11483098
15006706
16081651
6274583
6292114
16084736
11464059
9351037
5933101
8336780
8559800
9468121
12796052
7323952
859395
6866636
15270566
10569474
2771966
10500754
6968158
2782602
4092288
351881
15055277
7900944
14873411
16810566
470686
1992217
10765183
6716417
8167459
15449736
14219518
16576795
14012294
10615018
58756
13899875
10067187
12024261
516836
437385
971069
15624763
14051814
114401
379349
7547105
5852066
4093967
15054372
6452714
14390037
4387067
13549311
8584491
3590822
4623011
4025466
16577090
2123469
14505925
12005182
15241994
3028924
3311711
8014888
8240011
882435
8918081
12583759
7034114
3229488
6365956
3271517
10574350
381083
1954514
45956
7729217
16600628
16897188
4227441
7628183
16777977
11389427
10099733
6542208
12905896
4093807
7009791
3667551
16679174
5338610
1077082
5760881
1925206
10858543
1205031
5004959
5013816
136598
2694526
4105892
16778491
4439461
2856542
6416081
10280573
3167102
8352275
2944843
14657426
10542904
4565098
8324569
1191586
8322485
5927579
16493007
11533197
4556428
15549801
9255908
7437925
15855471
9311493
9590030
10980403
16287061
6800054
11019905
1471683
2424297
41172
16778748
11067041
3317591
6272816
13685131
7348398
10908417
7949668
9486561
1022316
702819
16840065
1843107
25662
8102262
8850711
3157541
8319971
109883
16570929
5967397
10886231
15929798
778520
1489857
13343347
114006
5457742
3310076
16569613
14996188
8274904
1650429
9198086
3138272
1762444
15456519
4062238
14057062
15395494
7955727
3073320
175427
15930168
15534098
10837348
15214401
14504660
13153557
1101057
3018205
2865481
4199488
13728713
11303403
8226784
10151947
11018580
1076526
780318
8782337
208270
5785250
13004945
732982
13376889
3291052
2586493
10809283
6917261
8971647
5458816
4302444
3124450
1137125
194136
12969719
16441364
14255434
13004130
16441525
7621146
11171173
10964879
11463719
6170269
4614666
8192494
431974
2350088
3309928
4538695
6289857
7462124
9841389
12502509
6021329
11569959
5957090
5352994
10659433
13620759
65451
169328
663753
10972653
8909723
5068183
14279347
13193829
11718755
8907289
16017966
3416013
9365080
1332343
10528294
1931788
2984463
14946094
3811916
7227859
3486460
10767861
10040637
7350245
1733177
16338618
5617847
2031532
13375752
14841385
4752055
7717877
9373735
681521
6210737
5020057
9430357
11169030
5977334
7263625
4887154
7499793
10733491
13677990
13021103
3753360
706504
2507021
8355076
8861480
10886746
12973981
15009918
13749120
4130314
14016172
14717379
7838200
5413403
10925046
12365296
600395
13749078
6970746
10676839
8101297
10689539
11674758
3433930
15662917
5616609
7989636
3836052
16779078
10985857
13914298
4695477
8241372
3563061
2557977
728585
3882131
15258987
4285232
221342
11953056
5478400
7988313
334886
6742626
14524545
867499
7673433
16001051
3774435
2134475
4679350
14085488
5075470
168263
789059
15375254
8117667
14471904
6453006
995535
16242493
424846
52650
4699464
4776261
6558552
633070
9461810
2385569
11225011
4258545
8167990
9476849
859310
1022360
14859657
13344813
1101007
7588790
10036167
11066878
14838962
3721843
9096652
7502118
16481923
953520
9886595
13961407
7615960
10018075
10948207
7207044
4217019
15756104
15311518
1203172
8682945
15812013
16578747
11059556
51073
964751
9119249
8652929
14507492
545585
213283
14054264
9510668
630199
16807132
14389328
2209751
8213608
13803228
11513111
774323
4885932
13735664
8591360
8172628
16929969
24463
3122882
10996579
15056192
1806260
8421068
1525886
9919519
4417901
10492295
5834571
8392276
5083940
15392180
15182953
12930014
14836958
13044664
8172257
14317885
9480122
13909131
7436608
443908
2677798
4430996
15734755
11947349
12967003
6902349
2547844
13830188
8327375
4061282
7663003
1080324
617005
9494726
11493087
5151423
9495318
4887587
1498208
2519053
1112386
2278915
5510369
11556214
10947773
6660459
4887475
944035
8461771
12522344
15569673
6554831
14861698
16522894
13578021
9590125
7329545
1803219
3219171
2315086
15755796
16689798
14339856
13245558
10945354
2448356
551865
12211598
1356129
12338060
8739
3073038
3124541
38935
14652409
13057808
5730174
10380780
5478359
4886010
4638571
13702
2350404
3081560
9758152
14913657
13327441
13788942
3563032
1511076
8269523
3290739
4803510
4121114
6679960
7697839
4932274
6163821
46843
2848090
6437918
12971769
6490965
4084756
6653474
16083195
5160242
7350876
14963692
4875549
5032039
16474657
7759829
14168945
16614882
10477505
1882030
5067041
10363493
5631797
2551964
10929692
4396575
15786389
13349122
10912589
7065848
5948132
11063519
1340755
1633933
2404647
5126203
7984527
15164449
16202617
10885556
3355334
16601793
8524982
14536328
12952385
15068542
13327993
10826060
16778843
14088130
11929806
10770670
15376856
3439823
11043149
8633953
10459440
16700935
1222214
16202828
16052484
5005767
10967937
13335441
10928499
1516321
16436445
1931763
1434425
9389324
10713869
5299327
16469828
1163946
12934423
6894794
9614796
3760258
10987974
13066385
8964884
15591168
13926923
13997869
795254
16611608
14805196
15177460
13346086
8287266
7759317
14052903
4677343
9533691
4172434
7011937
13096530
25094
10886224
11041752
11014204
7601854
10126934
1494909
3333870
59702
16860979
7710085
15568550
9836125
9295965
4567556
8016138
3200431
15448111
15451896
10996847
6974923
10293975
7173594
15411978
13210201
15480704
15568604
15568735
4203357
14805637
14217804
10885761
10673179
7620172
15869244
10061039
13622506
9730358
3758015
13381201
10136690
15042300
14821802
13862900
13513230
1241029
8423625
4305426
11123431
1468637
12335676
12912442
8310194
16478955
4638266
4851030
5756251
11090058
9545950
8325147
15455797
10538035
8389831
9882970
6675909
12756967
5284221
13709951
3769088
10672138
2970234
15605179
15958476
14911610
8310729
3294174
10616330
16276214
6954440
7998127
4061796
8548094
511448
6289646
12607874
8614503
8386933
10699980
9653073
10785635
5904746
10338809
13298914
9351277
15601181
461206
420969
14718950
7621182
8237402
10883859
15176499
7983417
11038868
15492579
7747700
15194727
4280201
11278295
13823938
4949863
15042474
15861475
10572641
516695
2471457
9154591
7957587
13466982
3283447
16518099
7492644
5572169
7178670
8697987
7333736
16298221
1870055
16601458
10603148
1623609
7054695
5258355
4660867
551851
7840712
157476
15375517
1356817
798222
13898253
14073882
10592126
6993593
4894416
13477853
8384928
4463165
4450704
7460259
40252
1596696
3468179
7940010
11949198
15471150
4280408
779109
7111375
15346876
10594322
9885647
12295926
13237805
12582732
5117430
8472083
271505
936209
5631995
8776928
13671296
11105741
6604799
15287102
13029769
14179554
12368892
12655024
9486590
674934
1433992
16101276
385624
11716184
9460882
5345792
12932903
6425800
1627259
8987674
3744863
4051455
4321720
10455233
14631715
6476983
7663186
178532
5272750
4565015
8955959
8758259
10364499
596462
4052091
4624467
7745042
9497588
409549
3230132
13941971
939974
9548604
1999959
5643083
1857709
9844630
7904207
14139226
7772800
16602792
10039957
1822972
14139335
7998215
9868476
12170073
10988769
2858220
13357243
40825
16351934
15354291
13531532
16317597
6911587
11419389
15553652
13719341
1589361
1140208
13597505
13396490
350391
6016017
10772200
10229367
8486422
10838870
16930634
13604578
15134093
15084163
4277696
10989476
8224399
9116915
9512301
6504905
10631203
16924035
14871918
3957762
13828338
7937782
11124429
2444713
8210577
12912065
8155106
10226935
11364988
10549688
4709844
15343323
9713335
7703498
3828773
13331908
6545586
9837951
7603690
5204199
13732986
5174226
16203243
14180032
16605688
8388709
10829717
16725672
10681909
5454959
10946042
3199703
1120656
16276576
6591087
8084655
7441129
5333346
7007759
4501272
611658
1614622
1438864
14136246
10881879
15455832
5772013
6600699
7441143
9486573
11062868
9372383
11346439
4012457
10062972
19040
8943055
15422021
10235526
12543892
3687608
2927781
16704550
16208470
15177421
10728546
2706776
6783349
12175681
16844263
1499843
8290464
3630011
15967961
8723803
15345006
6731942
6628290
655906
9215633
8739306
10877828
8147958
7027139
3992580
7484060
10810825
10524457
16653647
12951940
15842422
12919971
9970093
6119683
14257108
5049541
16490627
8389670
16883902
10972427
2193638
15256802
13080090
10944402
5708749
9092593
11087273
4109600
9095673
11060073
15299001
1995487
15363634
8592695
3320213
9904485
7680348
10854353
6077601
16572734
1618782
12432084
11068352
10839207
15345273
1844658
10803424
14902178
13462488
8684722
13114207
13901471
10999527
13936968
4644790
11106417
4630076
5423473
12382918
14535504
10878643
16548419
8274354
11624048
16569306
13962795
15756527
15284087
7902488
9910559
10546027
4157192
10823803
13415763
9436713
15942888
11460984
15512010
12401310
5458248
7809420
6412221
15275345
6092935
15342819
9256506
8050050
558205
16380237
9669444
9240268
16867947
1750093
5181386
7502595
10959676
6883183
16570216
8472818
14732061
10526342
10833918
11605674
16310932
6570087
16769052
1551553
14241328
15097007
7419046
2468125
10807060
5861266
7712676
16274951
2088912
8459807
5849371
15974098
14936372
10435334
3355288
6810
9636960
10513695
10593261
14808517
702635
16507336
10811617
10930447
6199643
12832388
6675827
9823848
7502193
15248956
13240929
8276435
10912409
13973341
4222197
7730652
7439070
2978994
5041554
9048955
10840373
794815
7655099
7914478
16599400
4803500
2866418
5195874
8597777
1932656
10728455
14653150
10833655
11058546
14501017
10656597
2644770
5873066
10268558
11065185
16257365
14710157
10912527
6481957
8028540
8155037
9189214
14128375
15767699
4136297
10399376
16726700
7968749
8473252
9814508
10456792
10769176
10878514
10942561
10992652
8135152
14887262
138772
1707486
8882782
4014128
10833518
12569788
11010288
11993313
1722394
16694385
725300
8363922
10805021
10902078
10907472
10985158
15342306
11023980
10865192
10613981
10634267
14008695
10884865
11020738
15499467
1273037
8066789
9534091
10840082
10860474
10872025
10881222
11044110
10861856
10930647
11022430
11023091
11085807
10783702
7342996
8656152
10106937
10858401
10864544
7955880
12266452
8935510
14371252
8307606
2478558
10312193
2558688
14898913
10925179
10997343
4998039
15312095
16677480
5192066
6522477
10980885
15346172
8595304
10921050
10885406
10434779
10020749
8777964
15327869
949557
15274871
15117204
15820113
15630570
8629009
1493659
2515717
7760015
3594786
10834961
8225432
15129653
11318420
8159544
15927761
3383950
10988716
8091505
10149591
6294353
10856965
11023714
16367260
10270735
9393105
2279254
10921682
10930621
13389922
10985283
10864223
10877861
8817182
2178384
15722692
684699
1979761
14205282
14872160
16338549
15722690
8126890
9278319
15075785
5628758
15099424
14200724
1651228
8304579
12905320
8778275
537771
3093070
10282326
10905209
10139575
11681541
7534729
1618751
8118464
15215720
30738
3980446
7968806
8737068
10861947
15296054
10961737
2844724
14991700
10942554
12837831
5672388
10911819
10397251
12756507
1174214
10813172
13727032
15902142
10753070
5762485
10813154
